0 6740
1 5808
2 4058
3 2756
4 1663
5 1192
6 782
7 598
8 448
9 366
10 265
11 239
12 192
13 163
14 142
15 126
16 101
17 108
18 89
19 68
20 86
21 65
22 52
23 48
24 58
25 43
26 47
27 36
28 35
29 32
30 29
31 21
32 22
33 23
34 20
35 21
36 24
37 20
38 17
39 10
40 9
41 7
42 14
43 15
44 12
45 9
46 12
47 7
48 9
49 6
50 12
51 7
52 6
53 6
54 10
55 8
56 5
57 4
58 4
59 6
60 5
61 3
62 5
63 7
64 6
65 4
66 4
67 5
68 7
69 4
70 1
71 4
72 2
73 4
74 3
75 1
76 3
77 1
78 2
79 4
80 1
81 2
82 2
83 1
84 5
86 1
87 1
88 1
89 1
90 1
91 1
93 2
94 1
95 3
96 1
97 2
101 1
102 3
104 2
105 1
107 1
110 2
111 2
112 2
115 1
118 2
121 2
124 1
129 1
132 1
133 1
137 1
140 1
141 2
151 1
157 1
166 1
168 1
169 1
173 1
176 1
179 1
183 1
187 2
197 1
202 1
226 1
244 1
248 1
250 1
253 1
254 1
261 1
272 1
276 1
284 1
323 1
346 1
781 1
799 1
