0 9759
1 8292
2 5878
3 3917
4 2450
5 1697
6 1148
7 846
8 630
9 535
10 379
11 315
12 284
13 221
14 198
15 174
16 142
17 134
18 120
19 103
20 115
21 91
22 78
23 66
24 73
25 67
26 60
27 55
28 47
29 46
30 40
31 29
32 26
33 32
34 26
35 28
36 32
37 26
38 21
39 14
40 12
41 11
42 15
43 23
44 13
45 17
46 13
47 10
48 12
49 8
50 13
51 10
52 8
53 9
54 15
55 10
56 7
57 4
58 5
59 5
60 6
61 4
62 5
63 7
64 7
65 4
66 4
67 5
68 10
69 5
70 5
71 4
72 5
73 4
74 5
75 1
76 6
77 2
78 3
79 4
80 2
81 3
82 6
83 2
84 5
86 1
87 1
88 3
89 1
90 1
91 1
93 3
94 3
95 3
96 2
97 2
100 1
101 1
102 3
104 2
105 1
107 2
110 2
111 2
112 2
115 2
118 2
119 1
121 2
124 2
128 2
129 1
130 1
132 1
133 2
137 1
140 1
141 2
151 1
157 1
164 1
166 1
168 1
169 1
173 1
175 1
176 1
179 1
183 1
187 2
194 1
197 1
202 1
226 1
244 1
248 1
250 1
253 1
254 1
261 1
272 1
276 1
282 1
284 1
288 1
313 1
323 1
346 1
419 1
781 1
799 1
